1.027677066930137925e-03
1.027677066930160693e-03
1.027677066930124915e-03
1.027677066930158091e-03
3.912331487330402563e-02
3.912331487330385910e-02
2.793894064843036993e-13
2.794044169442652046e-13
4.856151448193969661e-08
1.430425563697279023e-01
4.856151449719002852e-08
1.430425563697280134e-01
1.027677066930161778e-03
1.027677066930136407e-03
1.254100581324244235e-01
1.254100581324244235e-01
1.254100581324244790e-01
1.254100581324245345e-01
-1.945907618462620614e-01
9.439542495268113871e-08
9.439542494029763614e-08
9.439542491923669130e-08
9.439542494949985502e-08
-4.950919617253330357e-16
6.589313026339709537e-06
6.589313026336521305e-06
2.442131769927979334e-12
2.442130645926111842e-12
3.201387316499716001e-02
3.201387316499718777e-02
1.173788543067760537e-01
1.173788543067763313e-01
1.027677066930155272e-03
6.589313026325102454e-06
6.589313026337544521e-06
2.442139633311855438e-12
2.442124526747576852e-12
3.201387316499716001e-02
3.201387316499714614e-02
1.173788543067761786e-01
1.173788543067763729e-01
1.027677066930138142e-03
1.027677066930163946e-03
1.027677066930126216e-03
1.027677066930168500e-03
1.027677066930139877e-03
2.043319792535932752e-02
2.161441767103322864e-01
2.101846629087258250e-02
2.043319792535932405e-02
2.161441767103323974e-01
2.101846629087259291e-02
1.430425563697280689e-01
2.043319792535931018e-02
2.161441767103327860e-01
2.101846629087256169e-02
2.043319792535932752e-02
2.161441767103323142e-01
2.101846629087259985e-02
1.430425563697280966e-01
-1.750020362990790668e-01
-1.750020362990790668e-01
1.673842763734929002e-05
2.123690637408862823e-10
1.584502740731200365e-05
1.673842763734283224e-05
2.123690562626407371e-10
1.584502740731739417e-05
4.856151449165772547e-08
1.673842763734857512e-05
2.123690639180671287e-10
1.584502740731482258e-05
1.673842763733752982e-05
2.123690471452987837e-10
1.584502740731459557e-05
4.856151448881596963e-08
1.742119759887647314e-16
1.734995474583826980e-16
9.378518756622136819e-05
4.658441772159004984e-07
5.667403889814921046e-07
9.378518756623573387e-05
4.658441772190161502e-07
5.667403889734729261e-07
1.398232943415171256e-13
2.861705960940849322e-10
3.490626235358173083e-10
3.024814446450633486e-16
8.703328338453240104e-09
1.398278311619440955e-13
2.861705972646188595e-10
3.490626215484763371e-10
3.291467863530171689e-16
8.703328344668003556e-09
2.793882821761531983e-13
7.368071158843418796e-03
8.411914519331886719e-02
7.939918248752672603e-02
1.027677066930166114e-03
7.368071158843411857e-03
8.411914519331882556e-02
7.939918248752668439e-02
1.027677066930155706e-03
1.379378361574594078e-02
2.175719559811649384e-01
2.181095877974481012e-01
-1.612304931770753291e-01
1.844293900088370408e-01
1.379378361574590782e-02
2.175719559811647996e-01
2.181095877974480179e-01
-1.612304931770753291e-01
1.844293900088370408e-01
3.912331487330407420e-02
1.305841040816903881e-05
2.317581402005471428e-02
9.100475279985530109e-05
9.100475279985623621e-05
7.518725658455739994e-03
7.518725658455746065e-03
9.378518756623145127e-05
4.658441772182199922e-07
5.667403889788997603e-07
9.378518756623207468e-05
4.658441772113051329e-07
5.667403889803964675e-07
1.398134926088362978e-13
2.861705694199205300e-10
3.490626208071323084e-10
3.595388526574374381e-16
8.703328337328423364e-09
1.398261635499257275e-13
2.861705925485815146e-10
3.490626193555664046e-10
3.521694626942089360e-16
8.703328354462037076e-09
2.794070791790579151e-13
7.368071158843391907e-03
8.411914519331881168e-02
7.939918248752673990e-02
1.027677066930138793e-03
7.368071158843402316e-03
8.411914519331892270e-02
7.939918248752669827e-02
1.027677066930134889e-03
1.379378361574598762e-02
2.175719559811648274e-01
2.181095877974485175e-01
-1.612304931770754401e-01
1.844293900088369853e-01
1.379378361574591476e-02
2.175719559811650772e-01
2.181095877974480735e-01
-1.612304931770754679e-01
1.844293900088369853e-01
3.912331487330394930e-02
1.305841040812965009e-05
2.317581402005469693e-02
9.100475279985530109e-05
9.100475279986177920e-05
7.518725658455744330e-03
7.518725658455729585e-03
1.027677066930153755e-03
1.027677066930150068e-03
1.027677066930136190e-03
1.027677066930142045e-03
1.027677066930158091e-03
1.027677066930158308e-03
1.027677066930145081e-03
1.027677066930154188e-03
5.291707303244102233e-03
5.883501205851443538e-02
5.319398042123773575e-03
1.547709245286523483e-01
1.953995119966993044e-01
5.406380422083134629e-03
5.998527296646284646e-02
5.389162924250657204e-03
2.126200846311640871e-02
5.291707303244098763e-03
5.883501205851441457e-02
5.319398042123798728e-03
1.547709245286521262e-01
1.953995119966993044e-01
2.136130389531020191e-01
5.406380422083130292e-03
5.998527296646279788e-02
5.389162924250679755e-03
2.173307658380642729e-02
2.126200846311642259e-02
1.385730521006614535e-01
1.385730521006613147e-01
2.022092354726361119e-01
6.623646766217547444e-02
2.022092354726364172e-01
6.623646766217546056e-02
5.291707303244103100e-03
5.883501205851442845e-02
5.319398042123779646e-03
1.547709245286520707e-01
1.953995119966991101e-01
5.406380422083134629e-03
5.998527296646278401e-02
5.389162924250679755e-03
2.126200846311642953e-02
5.291707303244099631e-03
5.883501205851440069e-02
5.319398042123790055e-03
1.547709245286523483e-01
1.953995119966992211e-01
2.136130389531020191e-01
5.406380422083116415e-03
5.998527296646275625e-02
5.389162924250680622e-03
2.173307658380643770e-02
2.126200846311646075e-02
1.385730521006614258e-01
1.385730521006613425e-01
2.022092354726361951e-01
6.623646766217546056e-02
2.022092354726363894e-01
6.623646766217548831e-02
-9.835818144170102584e-02
-1.944440821348213944e-01
-9.835818144170101196e-02
-1.944440821348214221e-01
1.505134727700462157e-04
1.426456632565077108e-06
1.494349126840884001e-04
7.880398432831795441e-12
4.949274284778166882e-09
1.461245141230097075e-04
1.349478619822396575e-06
1.467706104814860883e-04
1.549234925406572810e-05
1.505134727700333408e-04
1.426456632573151449e-06
1.494349126840909480e-04
7.880409942531040830e-12
4.949274293508266635e-09
1.511889957362259440e-10
1.461245141230030126e-04
1.349478619821554412e-06
1.467706104814839470e-04
1.483982248195843336e-05
1.549234925407380202e-05
5.754113264097652061e-08
5.754113263374164163e-08
3.286803116890039647e-09
1.007396839398809319e-06
3.286803131170068016e-09
1.007396839399558308e-06
1.505134727700418247e-04
1.426456632569143501e-06
1.494349126840837923e-04
7.880387599033218458e-12
4.949274287692418478e-09
1.461245141230048286e-04
1.349478619811984210e-06
1.467706104814794747e-04
1.549234925408138805e-05
1.505134727700396021e-04
1.426456632566775832e-06
1.494349126840948240e-04
7.880394244893970122e-12
4.949274290997689931e-09
1.511890075552301992e-10
1.461245141230036360e-04
1.349478619802910370e-06
1.467706104815007522e-04
1.483982248195468947e-05
1.549234925408392237e-05
5.754113264318431860e-08
5.754113263427278422e-08
3.286803116860738428e-09
1.007396839399896698e-06
3.286803123625540178e-09
1.007396839401219340e-06
3.980563080101146539e-15
1.877372506229309872e-16
3.987500747067853785e-15
1.641406226790933432e-16
3.247668012640624654e-04
2.532721884847657560e-05
3.873578929267998947e-05
1.393586012485930850e-07
1.713744947940371628e-06
2.061838687625298562e-07
1.837754722893590621e-06
3.132735482467498079e-06
8.481652577724831360e-06
3.247668012640615438e-04
2.532721884847594879e-05
3.873578929266504104e-05
1.393586012463600150e-07
1.713744947932262346e-06
2.061838687719843585e-07
1.837754722898500659e-06
3.132735482469370869e-06
8.481652577717125054e-06
1.222702281336731517e-13
4.060587880313975017e-13
5.284503322104091012e-12
1.817957185470399903e-15
3.786059906439366173e-09
2.341888107500958637e-11
1.399989198844914234e-08
5.806575796416080274e-09
2.412997440432253219e-11
2.103413104405309723e-10
1.705222231599973685e-08
8.019670523387803778e-12
4.293541884869862804e-17
2.348299493267338028e-14
9.234306625405077886e-17
3.647294604404357270e-15
2.912977084836515431e-07
1.764462370112911069e-10
6.243461776068042965e-08
6.703751337721983790e-08
1.389549044142381633e-09
1.427714471597962482e-09
1.222553718495079840e-13
4.060706145949644063e-13
5.284518633218723786e-12
1.823554911537096779e-15
3.786059923911130492e-09
2.341887596030919454e-11
1.399989197739410837e-08
2.058110904189709680e-10
5.806575802822417929e-09
2.412996936683388646e-11
2.103413075964623161e-10
1.705222232036448770e-08
8.019656751820008103e-12
4.638076944130507630e-17
2.348230486434859859e-14
8.682946681216414267e-17
2.016584021576619761e-16
3.641250412611105614e-15
2.912977084891828271e-07
1.764462305199501494e-10
6.243461775753151849e-08
6.703751337707266593e-08
1.389549051009978978e-09
1.427714469759462995e-09
4.974271529947848931e-13
4.974147876509068798e-13
9.267385843046763980e-12
4.744787705333043618e-15
9.267404335298583555e-12
4.752862730071100809e-15
2.920853879271436641e-03
1.638028303520008139e-02
1.286114939804743930e-02
1.027677066930139443e-03
1.150427565871507130e-01
5.511488350951329607e-02
1.047354415702263647e-01
5.373307605088144256e-02
4.383451243128790031e-02
2.852806215342169535e-02
1.004176550827654826e-04
7.034629250524504496e-03
3.244980782220156118e-04
2.922841456279721712e-03
2.920853879271448784e-03
1.638028303520010220e-02
1.286114939804743063e-02
1.027677066930159176e-03
1.150427565871506991e-01
5.511488350951326831e-02
1.047354415702264341e-01
5.373307605088147032e-02
4.383451243128787950e-02
2.852806215342167800e-02
1.004176550827778832e-04
7.034629250524489751e-03
3.244980782220021676e-04
2.922841456279693523e-03
8.944842997845797034e-03
5.291075623228570779e-02
1.426572181376287163e-01
-1.164921360330919836e-01
1.999742489665180256e-01
1.834351245086726923e-01
1.739843557634938864e-01
1.924701639697358468e-01
1.841198418896461131e-01
2.160858963216453765e-01
1.693791495296614602e-01
1.552844117278039948e-01
-1.937642657301408555e-01
-4.774504847625123116e-02
-1.797236659106151435e-01
-1.007659477682483207e-01
9.582524772395897839e-02
2.148827459282168784e-01
1.364123805652744104e-01
1.345249230724448464e-01
2.128746335279834700e-01
2.126206787060602732e-01
8.944842997845871627e-03
5.291075623228597147e-02
1.426572181376288551e-01
-1.164921360330920391e-01
1.999742489665180534e-01
1.834351245086731086e-01
1.739843557634938309e-01
2.159507855762941575e-01
1.924701639697359024e-01
1.841198418896456968e-01
2.160858963216452655e-01
1.693791495296613214e-01
1.552844117278040503e-01
-1.937642657301409110e-01
-4.774504847625122422e-02
-1.797236659106150880e-01
-1.771093847530492427e-01
-1.007659477682482929e-01
9.582524772395902002e-02
2.148827459282166841e-01
1.364123805652744104e-01
1.345249230724449019e-01
2.128746335279832202e-01
2.126206787060604120e-01
6.039299384455246167e-02
6.039299384455233677e-02
1.594629434739387452e-01
-9.419066132781317435e-02
1.594629434739388563e-01
-9.419066132781322986e-02
9.275330481651021138e-07
1.352244938122997855e-04
2.441130845476423624e-06
2.441130845479781263e-06
6.805852135455836560e-02
5.715990834189147232e-03
4.831896442971420763e-02
4.831896442971419375e-02
2.461511354054025160e-05
3.192166784628525642e-04
7.663404927301092212e-06
3.188305917008087739e-04
3.421867893961976533e-05
2.461511354055112411e-05
3.192166784628561963e-04
7.663404927284573376e-06
3.188305917008230853e-04
3.421867893961786120e-05
1.663910483029729798e-02
2.962466325794539321e-03
2.989696876915881249e-02
2.965405623944047855e-03
1.382433231610924115e-02
1.027677066930145081e-03
1.663910483029727716e-02
2.962466325794535418e-03
2.989696876915880208e-02
2.965405623944031809e-03
1.382433231610923595e-02
1.027677066930156573e-03
3.247668012640624112e-04
2.532721884848884063e-05
3.873578929266576610e-05
1.393586012100719854e-07
1.713744947901062311e-06
2.061838687732457759e-07
1.837754722892496466e-06
3.132735482456360019e-06
8.481652577716733725e-06
3.247668012640761805e-04
2.532721884849140545e-05
3.873578929265921345e-05
1.393586012254402335e-07
1.713744947903341041e-06
2.061838687808062596e-07
1.837754722909253954e-06
3.132735482454117923e-06
8.481652577711368618e-06
1.222685628373504427e-13
4.060525802006061786e-13
5.284511990654439537e-12
1.868339791614079169e-15
3.786059888740057702e-09
2.341887192704482506e-11
1.399989198575002553e-08
5.806575802851277433e-09
2.412996141316590939e-11
2.103413156050044081e-10
1.705222232728732106e-08
8.019665368284426006e-12
3.196838202825220554e-17
2.344712176122758230e-14
8.638288029258112364e-17
3.660350980714529924e-15
2.912977085147257938e-07
1.764461998474943381e-10
6.243461776057136092e-08
6.703751337136013015e-08
1.389549050089088935e-09
1.427714463964520173e-09
1.222552193536496101e-13
4.060470595513382462e-13
5.284506913888182240e-12
1.868757444693761914e-15
3.786059885655052038e-09
2.341887549138184622e-11
1.399989199070525761e-08
2.058110893537352973e-10
5.806575777850334853e-09
2.412996027510726737e-11
2.103413122321840424e-10
1.705222229917915144e-08
8.019663281248616508e-12
3.753480089839538975e-17
2.344936184923144452e-14
8.153500718243650033e-17
1.785451762244212769e-16
3.655361162410643051e-15
2.912977085223293439e-07
1.764462215310051611e-10
6.243461776441478616e-08
6.703751338566238734e-08
1.389549030674282734e-09
1.427714450289189163e-09
4.974243693876943677e-13
4.974357239874188538e-13
9.267402771658038317e-12
4.755016073627358775e-15
9.267411998855847182e-12
4.765092436469558572e-15
2.920853879271440110e-03
1.638028303520008833e-02
1.286114939804742369e-02
1.027677066930141395e-03
1.150427565871507130e-01
5.511488350951322668e-02
1.047354415702263924e-01
5.373307605088146338e-02
4.383451243128787950e-02
2.852806215342166066e-02
1.004176550827766770e-04
7.034629250524468067e-03
3.244980782220083476e-04
2.922841456279693956e-03
2.920853879271435340e-03
1.638028303520008139e-02
1.286114939804739073e-02
1.027677066930160260e-03
1.150427565871506991e-01
5.511488350951320586e-02
1.047354415702264341e-01
5.373307605088146338e-02
4.383451243128790031e-02
2.852806215342163984e-02
1.004176550827625146e-04
7.034629250524486281e-03
3.244980782219905667e-04
2.922841456279688319e-03
8.944842997845757135e-03
5.291075623228588820e-02
1.426572181376287440e-01
-1.164921360330920530e-01
1.999742489665178591e-01
1.834351245086726367e-01
1.739843557634938032e-01
1.924701639697357358e-01
1.841198418896457800e-01
2.160858963216454043e-01
1.693791495296612659e-01
1.552844117278034675e-01
-1.937642657301408555e-01
-4.774504847625123810e-02
-1.797236659106151158e-01
-1.007659477682483762e-01
9.582524772395906165e-02
2.148827459282167951e-01
1.364123805652744381e-01
1.345249230724448464e-01
2.128746335279834700e-01
2.126206787060604120e-01
8.944842997845935811e-03
5.291075623228577024e-02
1.426572181376284665e-01
-1.164921360330921640e-01
1.999742489665178313e-01
1.834351245086726645e-01
1.739843557634938032e-01
2.159507855762944351e-01
1.924701639697358746e-01
1.841198418896461686e-01
2.160858963216454876e-01
1.693791495296612937e-01
1.552844117278039671e-01
-1.937642657301408833e-01
-4.774504847625121728e-02
-1.797236659106150602e-01
-1.771093847530492149e-01
-1.007659477682483207e-01
9.582524772395907553e-02
2.148827459282166563e-01
1.364123805652744659e-01
1.345249230724448464e-01
2.128746335279834145e-01
2.126206787060601899e-01
6.039299384455237840e-02
6.039299384455255881e-02
1.594629434739388563e-01
-9.419066132781335476e-02
1.594629434739384677e-01
-9.419066132781343803e-02
9.275330481941987543e-07
1.352244938122935242e-04
2.441130845467096521e-06
2.441130845471889033e-06
6.805852135455836560e-02
5.715990834189164579e-03
4.831896442971412436e-02
4.831896442971414518e-02
2.461511354054705158e-05
3.192166784628293623e-04
7.663404927264066708e-06
3.188305917008227601e-04
3.421867893964136806e-05
2.461511354053352955e-05
3.192166784628291997e-04
7.663404927265669294e-06
3.188305917008207543e-04
3.421867893963549304e-05
1.663910483029725981e-02
2.962466325794501157e-03
2.989696876915883331e-02
2.965405623944025737e-03
1.382433231610926370e-02
1.027677066930138576e-03
1.663910483029726328e-02
2.962466325794505060e-03
2.989696876915879167e-02
2.965405623944050023e-03
1.382433231610925850e-02
1.027677066930149201e-03
1.027677066930144430e-03
1.027677066930163729e-03
1.027677066930154839e-03
1.027677066930151586e-03
1.027677066930141828e-03
1.027677066930131420e-03
1.027677066930158091e-03
1.027677066930130119e-03
1.027677066930142913e-03
1.027677066930166114e-03
1.027677066930142913e-03
1.027677066930163296e-03
1.027677066930149418e-03
1.027677066930138359e-03
1.027677066930145081e-03
1.027677066930152237e-03
2.416595746240995761e-03
1.078294426380078767e-02
2.418387075278862711e-03
8.924172396733739965e-02
3.598196827287365729e-02
2.425202392049216876e-03
1.082793699788141793e-02
2.423567205697066754e-03
5.325091798785934645e-03
9.992959006191372284e-02
1.954484401037470953e-01
1.629910097248037093e-01
2.151825087008693016e-01
2.446435756551509216e-03
1.107653810782636972e-02
2.445462602706135243e-03
9.017114510905560598e-02
3.691514695766104359e-02
5.985881587329780484e-02
2.441120445226288745e-03
1.104842154284900978e-02
2.442263432465147533e-03
5.375440460918624874e-03
5.417856352221042671e-03
2.097767768002116104e-02
2.127577331468287133e-02
3.670659817985194584e-02
1.105412349628384465e-02
3.704044904839717822e-02
1.113614319729057563e-02
2.416595746240985353e-03
1.078294426380080849e-02
2.418387075278858808e-03
8.924172396733734414e-02
3.598196827287366423e-02
2.425202392049225549e-03
1.082793699788139712e-02
2.423567205697072392e-03
5.325091798785945921e-03
9.992959006191383386e-02
1.954484401037467345e-01
1.513194494677575497e-01
1.629910097248037093e-01
2.151825087008696624e-01
2.143422512889730236e-01
2.143422512889728571e-01
1.917290936260931111e-01
1.917290936260927503e-01
2.446435756551508783e-03
1.107653810782637319e-02
2.445462602706130473e-03
5.434435270902489290e-03
9.017114510905559210e-02
3.691514695766103665e-02
5.985881587329774239e-02
2.441120445226280071e-03
1.104842154284900978e-02
2.442263432465133655e-03
5.375440460918653497e-03
5.417856352221047875e-03
2.155226724936502511e-02
2.155226724936503205e-02
1.128514228276174605e-02
1.128514228276174085e-02
2.097767768002116451e-02
2.127577331468287480e-02
3.670659817985198053e-02
1.105412349628381169e-02
3.704044904839719210e-02
1.113614319729056348e-02
1.330364644682299202e-01
1.419224336826481470e-01
1.695509037533136365e-01
9.598897810737144765e-02
1.330364644682299480e-01
1.419224336826480082e-01
1.695509037533134977e-01
9.598897810737147540e-02
2.165939670027310637e-01
1.760619847858234388e-01
1.998814717599906587e-01
2.173264497425913822e-01
1.739117642131063901e-01
3.910005430759520145e-02
1.020932517940203038e-01
6.363664337498987911e-02
3.969315339809393467e-02
1.000284819736087655e-01
2.165939670027314801e-01
1.760619847858234388e-01
1.998814717599908530e-01
2.173264497425916042e-01
1.739117642131063068e-01
2.031708664493804828e-01
3.910005430759519451e-02
1.020932517940202761e-01
6.363664337498989299e-02
3.969315339809394161e-02
1.000284819736087516e-01
6.689423141132966322e-02
2.416595746240983618e-03
1.078294426380079982e-02
2.418387075278854905e-03
8.924172396733737189e-02
3.598196827287367117e-02
2.425202392049216876e-03
1.082793699788141273e-02
2.423567205697066754e-03
5.325091798785943319e-03
9.992959006191361182e-02
1.954484401037470120e-01
1.629910097248035705e-01
2.151825087008696902e-01
2.446435756551506181e-03
1.107653810782636798e-02
2.445462602706127871e-03
9.017114510905557823e-02
3.691514695766105747e-02
5.985881587329773545e-02
2.441120445226279637e-03
1.104842154284900110e-02
2.442263432465134956e-03
5.375440460918632680e-03
5.417856352221065222e-03
2.097767768002117145e-02
2.127577331468287133e-02
3.670659817985195972e-02
1.105412349628383077e-02
3.704044904839719210e-02
1.113614319729056175e-02
2.416595746240992292e-03
1.078294426380080155e-02
2.418387075278863579e-03
8.924172396733741353e-02
3.598196827287366423e-02
2.425202392049239861e-03
1.082793699788139538e-02
2.423567205697075861e-03
5.325091798785947655e-03
9.992959006191379223e-02
1.954484401037468178e-01
1.513194494677576607e-01
1.629910097248036538e-01
2.151825087008696069e-01
2.143422512889731901e-01
2.143422512889728571e-01
1.917290936260931111e-01
1.917290936260930279e-01
2.446435756551503578e-03
1.107653810782637319e-02
2.445462602706130039e-03
5.434435270902463269e-03
9.017114510905566149e-02
3.691514695766106441e-02
5.985881587329770770e-02
2.441120445226301755e-03
1.104842154284898376e-02
2.442263432465147967e-03
5.375440460918641354e-03
5.417856352221052212e-03
2.155226724936501470e-02
2.155226724936503552e-02
1.128514228276176166e-02
1.128514228276176513e-02
2.097767768002118186e-02
2.127577331468290603e-02
3.670659817985197360e-02
1.105412349628380128e-02
3.704044904839721986e-02
1.113614319729053052e-02
1.330364644682299757e-01
1.419224336826481192e-01
1.695509037533134145e-01
9.598897810737143377e-02
1.330364644682300035e-01
1.419224336826480082e-01
1.695509037533134700e-01
9.598897810737146152e-02
2.165939670027313968e-01
1.760619847858235221e-01
1.998814717599906310e-01
2.173264497425914377e-01
1.739117642131063901e-01
3.910005430759523615e-02
1.020932517940202483e-01
6.363664337498986523e-02
3.969315339809392773e-02
1.000284819736086961e-01
2.165939670027313968e-01
1.760619847858234943e-01
1.998814717599908253e-01
2.173264497425914932e-01
1.739117642131063901e-01
2.031708664493805383e-01
3.910005430759519451e-02
1.020932517940202761e-01
6.363664337498987911e-02
3.969315339809390691e-02
1.000284819736087516e-01
6.689423141132963546e-02
-3.460129813343777727e-02
-1.455919012270621982e-01
-1.948846913163457262e-01
-1.895607556416203932e-01
-3.460129813343784666e-02
-1.455919012270621427e-01
-1.948846913163456984e-01
-1.895607556416204209e-01
4.072545427974080551e-04
5.192474971736096655e-05
4.069009424440418309e-04
3.783377698892126389e-07
5.048117874304859267e-06
4.055603505437410205e-04
5.157426295300245549e-05
4.058813163853359791e-04
1.492146410242819121e-04
1.478979376698694216e-12
4.145853007941540316e-11
2.221609659596146890e-08
1.048357976977518835e-09
4.014310639569904733e-04
4.969855978710349600e-05
4.016187630248364729e-04
3.644907816533918229e-07
4.754637953121753472e-06
1.357696676775394448e-06
4.024580707600737594e-04
4.990566442750385797e-05
4.022368531125990535e-04
1.472887613196346979e-04
1.456963413258208608e-04
1.590515782244219555e-05
1.547273567601215104e-05
4.818304711490254129e-06
4.986356270957401890e-05
4.716897933998814175e-06
4.926363354845425080e-05
4.072545427974094646e-04
5.192474971736562862e-05
4.069009424440411804e-04
3.783377699212210611e-07
5.048117874297172443e-06
4.055603505437624877e-04
5.157426295299742750e-05
4.058813163853444901e-04
1.492146410242804213e-04
1.478973119989593046e-12
4.145854127149559470e-11
7.014251616731672692e-12
2.221609658367018042e-08
1.048357969884870873e-09
1.647260259528475542e-10
1.647260291972250463e-10
3.432382927651454706e-11
3.432383123487726824e-11
4.014310639569878170e-04
4.969855978710359086e-05
4.016187630248409181e-04
1.450812300461380656e-04
3.644907816527571835e-07
4.754637953105262588e-06
1.357696676781143472e-06
4.024580707600911608e-04
4.990566442749222312e-05
4.022368531126106002e-04
1.472887613196368663e-04
1.456963413258122414e-04
1.508579280294144704e-05
1.508579280294392376e-05
4.820035885923219218e-05
4.820035885923902266e-05
1.590515782243693378e-05
1.547273567602655060e-05
4.818304711481925254e-06
4.986356270955642094e-05
4.716897933996772826e-06
4.926363354842952421e-05
7.089911342893910385e-08
5.067708398585232440e-08
1.692906912753075730e-08
2.894312091670229427e-07
7.089911341728833772e-08
5.067708397415069659e-08
1.692906912041201778e-08
2.894312092027703800e-07
8.349775597081562385e-10
1.278036837920345279e-08
3.807708840424796203e-09
7.136972631042351534e-10
1.404417999279125433e-08
4.147545206096712077e-06
2.282449610671186070e-07
1.135624149885193704e-06
3.999865433368963203e-06
2.472276445613054947e-07
8.349775474284570757e-10
1.278036838588323898e-08
3.807708853330277869e-09
7.136972551013569221e-10
1.404418000490482968e-08
3.084583518043817193e-09
4.147545206098792390e-06
2.282449610678794279e-07
1.135624149894791222e-06
3.999865433359749179e-06
2.472276445934866057e-07
9.776792844394256587e-07
4.072545427974089225e-04
5.192474971736034313e-05
4.069009424440468183e-04
3.783377698982056936e-07
5.048117874301062018e-06
4.055603505437482847e-04
5.157426295300448159e-05
4.058813163853392859e-04
1.492146410242815055e-04
1.478974171232348713e-12
4.145853995902277337e-11
2.221609658925223673e-08
1.048357970567291777e-09
4.014310639569780592e-04
4.969855978710368573e-05
4.016187630248392376e-04
3.644907816685706534e-07
4.754637953125735374e-06
1.357696676778815402e-06
4.024580707600919197e-04
4.990566442749161326e-05
4.022368531126173223e-04
1.472887613196240456e-04
1.456963413258193158e-04
1.590515782244256824e-05
1.547273567602934919e-05
4.818304711477101402e-06
4.986356270957578750e-05
4.716897933993424504e-06
4.926363354844666816e-05
4.072545427974027968e-04
5.192474971736365673e-05
4.069009424440412346e-04
3.783377699229735193e-07
5.048117874305026133e-06
4.055603505437631925e-04
5.157426295298815080e-05
4.058813163853486642e-04
1.492146410242880920e-04
1.478973996725433278e-12
4.145853790193162583e-11
7.014240694593216936e-12
2.221609658814529371e-08
1.048357992897937762e-09
1.647260265577630043e-10
1.647260081802800648e-10
3.432382209865453606e-11
3.432384614103110963e-11
4.014310639569769208e-04
4.969855978709563553e-05
4.016187630248397255e-04
1.450812300461263291e-04
3.644907816763824147e-07
4.754637953123199357e-06
1.357696676759040148e-06
4.024580707600891008e-04
4.990566442747720015e-05
4.022368531126111423e-04
1.472887613196431004e-04
1.456963413258283147e-04
1.508579280293476056e-05
1.508579280294038825e-05
4.820035885925171460e-05
4.820035885925061684e-05
1.590515782244143660e-05
1.547273567602944745e-05
4.818304711489636642e-06
4.986356270954572800e-05
4.716897933999208892e-06
4.926363354841851956e-05
7.089911340391408453e-08
5.067708398155162049e-08
1.692906912765522482e-08
2.894312091744665623e-07
7.089911341801658753e-08
5.067708397754121727e-08
1.692906912805477291e-08
2.894312092060100164e-07
8.349775497001585982e-10
1.278036838519690738e-08
3.807708836889342720e-09
7.136972586453733791e-10
1.404418000154259691e-08
4.147545206100795623e-06
2.282449610645861638e-07
1.135624149885771592e-06
3.999865433359582313e-06
2.472276445587367084e-07
8.349775501198198932e-10
1.278036838582662509e-08
3.807708856874924637e-09
7.136972536092738508e-10
1.404418000140638177e-08
3.084583511692817094e-09
4.147545206108745027e-06
2.282449610644404741e-07
1.135624149889685307e-06
3.999865433359340062e-06
2.472276445872240676e-07
9.776792844534078433e-07
3.503351137799971275e-14
5.088834137126051083e-16
-7.676621836658278861e-18
-1.454029234626811030e-16
3.504792996736180137e-14
5.027875418683579689e-16
-1.394931813585194964e-17
-1.383805543386955277e-16
5.849683658528014507e-04
1.762717951208710881e-04
2.211528538065142178e-04
1.295125707779692166e-05
4.906406499836240848e-05
2.526270916074392167e-05
6.006650647424321824e-05
7.707796207417808943e-05
1.162101081103677043e-04
8.041549082071809506e-08
2.508900941680229236e-07
3.351813151337441188e-06
8.858505202900738857e-07
1.350402199679479036e-07
3.334700355289344377e-07
5.438471250639494418e-07
3.449814101553885220e-06
1.003815167291833651e-06
7.097080715155077988e-06
7.294591005227182587e-06
1.333742159866155961e-06
2.073615449884802111e-06
1.143716925150047016e-05
8.315102924795068995e-07
2.930620795006033598e-05
2.275727005616862013e-06
1.457317704898385782e-05
1.825111071192970426e-05
3.955567867491692767e-06
5.086778823510403516e-06
5.849683658527961381e-04
1.762717951208771596e-04
2.211528538065251953e-04
1.295125707778669628e-05
4.906406499837774994e-05
2.526270916074216323e-05
6.006650647425082799e-05
7.707796207417031027e-05
1.162101081103794679e-04
8.041549083328192301e-08
2.508900941683714776e-07
3.351813151340130941e-06
8.858505202951752475e-07
1.350402199700875352e-07
3.334700355325137872e-07
5.438471250687540245e-07
3.449814101569159765e-06
1.003815167299906933e-06
7.097080715150823342e-06
7.294591005232449438e-06
1.333742159859430519e-06
2.073615449870294977e-06
1.143716925150529486e-05
8.315102924688635070e-07
2.930620795005923484e-05
2.275727005628910209e-06
1.457317704897623114e-05
1.825111071191207581e-05
3.955567867486716448e-06
5.086778823517913310e-06
1.650119695429918062e-13
1.155717206986910489e-13
9.903317999781181960e-13
2.061085479453647633e-14
9.243366373776267013e-13
2.141680020907603823e-13
3.377036879563073157e-11
8.370483032699276399e-13
5.919964148224371313e-12
8.175017124293747894e-13
4.027953365272317636e-16
1.618383717226728290e-14
2.240501977187050655e-15
1.574432848914588715e-14
1.368421006535452219e-08
1.038828187036338860e-09
2.404958812190409964e-08
7.244963820986281415e-12
8.034753304292288339e-11
8.481990603371489343e-08
2.098188932232096176e-09
4.438567010361211271e-08
7.064726184751928253e-09
2.366000826265230807e-08
1.415614173090465263e-09
5.113471947986428898e-09
3.620202269702575081e-08
7.185162919276873983e-12
8.901836466610608967e-11
3.255970847007502069e-12
1.978826097901605511e-10
2.546090425159880958e-10
1.027280444707678932e-09
3.425669219915905132e-11
1.138782603216703025e-09
1.032747521744004479e-07
2.556636443974690355e-09
5.950527473073353403e-08
9.515954054825339960e-09
1.093609960211948754e-12
5.486207169533524628e-11
1.715142139146842810e-12
5.935664818264607679e-12
1.294869478626436116e-11
4.044888972957044871e-11
1.089463880895934424e-16
-5.438494772936032684e-17
2.577117900017028292e-16
2.497232787978598752e-13
1.935657138167304642e-15
9.160499059657427356e-14
1.132357841498765628e-16
1.985736995966332469e-16
-1.004555060448700138e-16
3.356978482529400302e-16
-7.464241388719447342e-17
2.234539909038333034e-14
6.801099708447056771e-16
4.025180344798441068e-14
2.119127332040110924e-15
8.216405943307995586e-15
4.368183487535699582e-16
1.455282212240812442e-06
5.286701258209351858e-08
7.061595311424040900e-07
7.274672977251084611e-07
2.176123288036941293e-11
1.300372007619164287e-09
6.155412434701638007e-11
6.103168114200525189e-11
1.705771329633679282e-07
2.306985774413527715e-08
3.436622269866389288e-07
2.891817109259165915e-08
1.332821352639182365e-07
1.941277694204064983e-07
2.368304495736242161e-08
3.688293153707986299e-07
3.262771248673149564e-08
1.367376940226119862e-07
6.058723220229839179e-10
3.395456182394209060e-09
1.890031187024927481e-10
4.371743025230982508e-09
4.829030315986407998e-10
9.802638145854982858e-09
6.644277398793309059e-10
3.389602299676511860e-09
1.943758064795774256e-10
4.852763412572610486e-09
4.818390950824588061e-10
1.030820822073476660e-08
1.650051674706071668e-13
1.155793979028219473e-13
9.903206590622310570e-13
2.060163915921933080e-14
9.243282777640972981e-13
2.141854281085979338e-13
3.377036081574792101e-11
8.370469677373009310e-13
5.919973914323188166e-12
8.174971966404678388e-13
3.974206443521960422e-16
1.618740802436506838e-14
2.233318254480460634e-15
1.575718484602284504e-14
1.368421005997155502e-08
1.038828198792315545e-09
2.404958810568675720e-08
3.556981604012131974e-09
7.244965462415938358e-12
8.034750938889664080e-11
8.481990604941017572e-08
2.098188932776151063e-09
4.438567010560987962e-08
7.064726181701652595e-09
2.236593888255405609e-10
2.236593735724423293e-10
8.915060710581679283e-10
8.915060789824747547e-10
2.366000826147761565e-08
1.415614161351561585e-09
5.113471944038968332e-09
3.620202270470547429e-08
7.185159162971774841e-12
8.901836427857926222e-11
3.255972407133255506e-12
1.978826082187371846e-10
2.546090370572712391e-10
1.027280459960196250e-09
3.425669892213767701e-11
1.138782593212356766e-09
1.032747521780083980e-07
2.556636441567881390e-09
5.950527472593492695e-08
9.515954068241099419e-09
1.093601277254165754e-12
5.486208172424173772e-11
1.715136190488537032e-12
5.935660701404636867e-12
1.294869241433380329e-11
4.044889609724913253e-11
1.102269077275994693e-16
-6.164572533101955145e-17
2.632515561775147307e-16
2.041317235653768782e-16
2.497183492433313112e-13
1.932504520215794202e-15
9.160164871339472449e-14
1.230861865503569070e-16
1.942786880124934594e-16
-8.668257188297468443e-17
3.348826195948650521e-16
-8.723756609508986349e-17
2.784652048860429703e-16
2.801007615185024334e-16
-1.529793154018324311e-16
-1.416319475932212120e-16
2.232498805956012275e-14
7.025964910637584784e-16
4.024841174996432067e-14
2.107061042921665654e-15
8.222683053899729127e-15
4.414111821004679760e-16
1.455282212238974381e-06
5.286701258156375241e-08
7.061595311426266479e-07
7.274672977408122402e-07
2.176124129673686318e-11
1.300372002016883411e-09
6.155411876211481408e-11
6.103168588309579080e-11
1.705771329763825364e-07
2.306985774832340840e-08
3.436622269801929551e-07
2.891817109258825778e-08
1.332821352726402936e-07
1.941277694141956822e-07
2.368304495420366369e-08
3.688293153778801959e-07
3.262771249089297513e-08
1.367376940156314554e-07
6.058723358545838214e-10
3.395456189812978148e-09
1.890031231210413841e-10
4.371743014676647583e-09
4.829030241156251108e-10
9.802638146336921444e-09
6.644277266060824653e-10
3.389602303999570327e-09
1.943757923163994851e-10
4.852763419379339953e-09
4.818390890430047043e-10
1.030820822942603766e-08
9.884431833298802145e-13
3.235221371897017429e-13
3.497720031750980627e-12
9.846582816298015476e-14
9.884504539869236653e-13
3.235047756303377939e-13
3.497714634720613666e-12
9.847724024799737593e-14
5.236699780367116454e-11
1.608654380358006799e-12
1.336765528580683613e-11
4.356346395905240664e-11
2.094920086489346622e-12
7.500628692481949287e-16
3.551562628786567045e-14
8.856710684105503694e-15
4.857447964294321368e-16
5.034916706913912693e-14
5.236699136036671774e-11
1.608660863898845242e-12
1.336765966310299752e-11
4.356345870385030513e-11
2.094920127484930729e-12
8.262057889921797455e-12
7.574547411779231065e-16
3.552368488924872095e-14
8.846551573446641235e-15
4.886237486229432576e-16
5.035385021880052666e-14
3.695690572287413229e-15
1.757466886169371453e-03
4.711371988250437001e-03
3.966908820623497867e-03
1.027677066930162211e-03
2.327098481383289494e-02
1.116375050169709018e-02
1.640330897061530874e-02
9.848855455113684695e-03
8.393136189872455258e-03
6.360946307744187907e-03
3.272592829185864993e-04
2.902547619961533612e-03
5.849542386546644412e-04
1.757505368606642740e-03
1.296834118984567796e-01
9.964962473222463424e-02
4.266385969671479539e-02
6.908314625122415065e-02
1.158776206351577881e-01
9.240147605388150664e-02
8.038277374402684472e-02
4.217056735453581645e-02
6.631454140067884195e-02
3.096132331920601471e-02
3.057795117278794272e-02
6.022997995672343952e-02
5.139066857873978572e-02
2.473985269091666730e-02
7.050569084899856176e-02
1.510133828022631498e-02
4.962650909417377909e-02
2.193372480360988169e-02
1.953349102094132511e-02
3.987644370095135699e-02
3.586418742935414128e-02
2.703023809064096665e-05
3.377104953477242278e-04
5.082062996849988958e-05
1.580059131378456702e-02
2.828239038147611992e-03
1.092621197846225037e-02
1.761383526482058570e-04
5.846794869409798921e-04
9.534520521883079608e-05
5.846638242989879225e-04
1.820442128259884887e-04
4.714029270525215733e-03
1.758254112336391601e-03
7.286478268845537724e-03
1.758296814026092314e-03
4.599395297923246882e-03
1.027677066930143780e-03
1.757466886169367550e-03
4.711371988250423123e-03
3.966908820623503938e-03
1.027677066930153755e-03
2.327098481383288453e-02
1.116375050169713876e-02
1.640330897061530874e-02
9.848855455113672552e-03
8.393136189872462197e-03
6.360946307744184437e-03
3.272592829185651405e-04
2.902547619961521903e-03
5.849542386546491540e-04
1.757505368606659870e-03
1.296834118984568074e-01
9.964962473222453709e-02
4.266385969671480927e-02
6.908314625122412289e-02
1.158776206351577603e-01
9.240147605388150664e-02
8.038277374402684472e-02
4.217056735453578176e-02
6.631454140067889746e-02
3.096132331920592451e-02
3.057795117278792191e-02
6.022997995672344645e-02
5.139066857873977184e-02
2.473985269091665343e-02
7.050569084899860339e-02
1.510133828022633060e-02
4.962650909417379991e-02
2.193372480360985741e-02
1.953349102094132511e-02
3.987644370095132229e-02
3.586418742935415516e-02
2.703023809063219817e-05
3.377104953477197825e-04
5.082062996850428060e-05
1.580059131378454967e-02
2.828239038147629773e-03
1.092621197846225731e-02
1.761383526481915727e-04
5.846794869409746879e-04
9.534520521883506512e-05
5.846638242989928014e-04
1.820442128259894916e-04
4.714029270525178436e-03
1.758254112336399624e-03
7.286478268845542929e-03
1.758296814026104023e-03
4.599395297923232137e-03
1.027677066930166331e-03
1.981084179846141075e-02
6.918915175743662119e-03
8.556752546505642931e-02
-5.190416297676670593e-02
8.307021180164241014e-02
2.934704515199986971e-02
1.913970189809793554e-01
7.946699256085294760e-02
1.461750960979488478e-01
7.860651331918465379e-02
-1.541513768929180794e-01
-5.939644148291774867e-02
-1.119219269895915941e-01
-6.025493451484525281e-02
1.745073725816705112e-01
2.152470166097186222e-01
1.610339013585241896e-01
1.522853304055012680e-01
2.063838059454855545e-01
1.282621915071393559e-01
2.084242679325824521e-01
1.453963259999915825e-01
1.886802485952550623e-01
1.614384316719773282e-01
2.127010495741929741e-01
1.948129269052387702e-01
1.506837827025160059e-01
1.520385304438856000e-01
2.077744092586463476e-01
1.270529087164239124e-01
2.156969962275726294e-01
2.171012873743751181e-01
2.153250920489472031e-01
1.916892000305356059e-01
2.145683903021574079e-01
1.230130138889253127e-01
2.058571671377473766e-01
1.376852296216639071e-01
1.825450207835683791e-01
8.914739923382949960e-02
2.004843419974914887e-01
1.051522457382051551e-01
1.462563416856044463e-01
1.686979838138728260e-01
1.949774994826605490e-01
-1.949278154581061406e-01
-1.851442728214637290e-01
-1.946545647754629738e-01
3.499058406864373472e-02
-1.156834761620323532e-01
-1.405572904955882264e-03
-1.799722853862365524e-01
-1.741521018801170939e-01
-1.912335706336263097e-01
-1.565767974263338191e-01
-1.900993773466780057e-01
-4.933932101901138817e-02
-1.377569550113273977e-01
-2.995913676631329139e-02
-1.133921262999074975e-01
-7.942742283415246685e-02
-1.514498417920617790e-01
5.842306739305248159e-02
1.408089355756611261e-01
7.423943670890593982e-02
7.355365347758739680e-02
1.817296208207024311e-01
2.134728123182625392e-01
2.023823580570698888e-01
2.022452684304889003e-01
1.097022720368558135e-01
1.620626068863917635e-01
9.164454521150433575e-02
1.564179911484049890e-01
1.162253924249521952e-01
1.063088212142677957e-01
1.614143473069189205e-01
8.987583424570834423e-02
1.533508563930592317e-01
1.155462219909143273e-01
2.178780166105050986e-01
2.017065515377597096e-01
2.153840963556038213e-01
1.975722496305820641e-01
2.182785976578225373e-01
1.819101350165248376e-01
2.175942243369108353e-01
2.017333935557891755e-01
2.155772196589031686e-01
1.957504343111571565e-01
2.182804063373734726e-01
1.808252261308967435e-01
1.981084179846132401e-02
6.918915175743622220e-03
8.556752546505638768e-02
-5.190416297676667817e-02
8.307021180164264607e-02
2.934704515200006053e-02
1.913970189809794109e-01
7.946699256085294760e-02
1.461750960979489034e-01
7.860651331918463991e-02
-1.541513768929181905e-01
-5.939644148291775561e-02
-1.119219269895916358e-01
-6.025493451484518342e-02
1.745073725816705390e-01
2.152470166097184279e-01
1.610339013585241341e-01
2.009764179996163524e-01
1.522853304055016010e-01
2.063838059454857210e-01
1.282621915071394392e-01
2.084242679325821745e-01
1.453963259999915547e-01
1.886802485952549513e-01
2.164455470808735182e-01
2.164455470808734072e-01
2.162297817585350224e-01
2.162297817585349946e-01
1.614384316719773005e-01
2.127010495741929741e-01
1.948129269052386314e-01
1.506837827025160892e-01
1.520385304438854612e-01
2.077744092586462366e-01
1.270529087164238013e-01
2.156969962275726294e-01
2.171012873743747573e-01
2.153250920489471198e-01
1.916892000305357446e-01
2.145683903021572692e-01
1.230130138889253683e-01
2.058571671377474877e-01
1.376852296216638794e-01
1.825450207835685734e-01
8.914739923382968001e-02
2.004843419974911833e-01
1.051522457382053216e-01
1.462563416856046405e-01
1.686979838138725762e-01
1.949774994826604102e-01
-1.949278154581061406e-01
-1.851442728214637012e-01
-1.946545647754629738e-01
-1.945565371952901190e-01
3.499058406864381798e-02
-1.156834761620323671e-01
-1.405572904955779915e-03
-1.799722853862364969e-01
-1.741521018801171217e-01
-1.912335706336263097e-01
-1.565767974263338747e-01
-1.900993773466780890e-01
-1.735383655389128865e-01
-1.735383655389128588e-01
-1.897571878455531769e-01
-1.897571878455531214e-01
-4.933932101901136041e-02
-1.377569550113274532e-01
-2.995913676631322548e-02
-1.133921262999074558e-01
-7.942742283415255011e-02
-1.514498417920617790e-01
5.842306739305251628e-02
1.408089355756610705e-01
7.423943670890600921e-02
7.355365347758736905e-02
1.817296208207024866e-01
2.134728123182624837e-01
2.023823580570697778e-01
2.022452684304886505e-01
1.097022720368557996e-01
1.620626068863917357e-01
9.164454521150433575e-02
1.564179911484050722e-01
1.162253924249521675e-01
1.063088212142678790e-01
1.614143473069189205e-01
8.987583424570826096e-02
1.533508563930591206e-01
1.155462219909143412e-01
2.178780166105046545e-01
2.017065515377597651e-01
2.153840963556034882e-01
1.975722496305819531e-01
2.182785976578221765e-01
1.819101350165249487e-01
2.175942243369111129e-01
2.017333935557892033e-01
2.155772196589033074e-01
1.957504343111570178e-01
2.182804063373735559e-01
1.808252261308966324e-01
8.549780159578670991e-02
4.452861132080605799e-02
1.294177568210213014e-01
1.171571089067913359e-03
8.549780159578670991e-02
4.452861132080605799e-02
1.294177568210215235e-01
1.171571089067853294e-03
1.996881849804979792e-01
1.028994784059215628e-01
1.695442951003348631e-01
1.963810558259021510e-01
1.121153129134417475e-01
-1.361747862412203969e-01
-3.415440070661016764e-02
-7.734496800989547338e-02
-1.470072021426799269e-01
-2.233711055893291067e-02
1.996881849804982012e-01
1.028994784059215489e-01
1.695442951003353349e-01
1.963810558259020955e-01
1.121153129134418169e-01
1.561535646145673362e-01
-1.361747862412204524e-01
-3.415440070661012600e-02
-7.734496800989534848e-02
-1.470072021426800379e-01
-2.233711055893285516e-02
-1.004617154082326630e-01
2.204500891357823698e-07
3.615993486461459382e-06
3.568889531033934757e-07
3.568889530921602306e-07
3.875417884307397849e-04
4.367216731023989271e-05
1.058542684635959268e-06
5.657178547894204233e-06
6.061785358302083040e-07
1.485661792121071414e-06
1.058542684655206186e-06
5.657178547903297132e-06
6.061785358289474954e-07
1.485661792116974528e-06
1.029946343192593705e-01
4.137275899097833665e-02
9.069797545155854068e-02
9.069797545155855456e-02
2.520640332958755826e-03
1.197746753946232583e-02
6.515558532147275317e-02
3.424893626517315492e-02
7.780523114989142119e-02
5.799926570868242648e-02
6.515558532147269766e-02
3.424893626517313411e-02
7.780523114989137956e-02
5.799926570868239872e-02
1.271393819172365380e-05
4.752650092559776684e-05
6.766462459845750343e-06
4.999976745414103622e-05
5.799366729418768901e-04
1.719571804667740459e-04
2.083022001514169236e-04
1.967623910878376695e-06
2.751153029288914078e-05
3.609656818301681150e-06
4.294905857668954986e-06
1.371855337468246365e-05
5.795180984549605507e-04
1.717669387109356245e-04
1.801328006858124138e-04
9.319724622438155042e-05
2.105908181817251647e-05
5.580431080185527715e-05
6.852095108597657772e-05
9.529428648135581525e-06
1.087046445457408170e-04
1.623451213826870759e-05
1.271393819172402310e-05
4.752650092560221207e-05
6.766462459853687041e-06
4.999976745413674007e-05
5.799366729418876237e-04
1.719571804667678931e-04
2.083022001514204743e-04
1.967623910886602656e-06
2.751153029290754511e-05
3.609656818287266343e-06
4.294905857659396219e-06
1.371855337469506241e-05
5.795180984549554550e-04
1.717669387109168949e-04
1.801328006858191630e-04
9.319724622436294280e-05
2.105908181817369216e-05
5.580431080187149274e-05
6.852095108596588477e-05
9.529428648133467331e-06
1.087046445457393669e-04
1.623451213826011529e-05
2.348558108900853161e-02
1.138206998441065876e-02
3.163507551959911929e-02
1.103570221580292207e-02
1.771276058903270946e-03
4.798939591482128363e-03
4.153652336065352495e-03
1.027677066930140310e-03
5.240129573155350579e-02
1.564597191075162846e-02
4.140233549083676551e-02
3.853415704429924427e-02
2.261180179564779499e-02
1.772434182522993279e-03
4.802880676965793141e-03
4.635842731896724044e-03
1.027677066930162211e-03
7.399358825473848107e-03
1.810746449909353753e-02
1.031290178981040563e-02
9.058121922285727531e-03
2.700872335300467594e-02
6.662392038692102961e-03
2.075792685974181193e-02
3.227656136052627685e-04
2.935721219414885643e-03
5.799158834813008872e-04
5.794950211997262944e-04
1.771333545532096428e-03
1.772498075537571379e-03
2.348558108900852814e-02
1.138206998441067784e-02
3.163507551959909847e-02
1.103570221580289258e-02
1.771276058903259237e-03
4.798939591482133567e-03
4.153652336065350760e-03
1.027677066930139443e-03
5.240129573155349885e-02
1.564597191075161459e-02
4.140233549083673775e-02
3.853415704429927202e-02
2.261180179564776377e-02
1.772434182522987641e-03
4.802880676965790539e-03
4.635842731896743125e-03
1.027677066930161127e-03
7.399358825473870659e-03
1.810746449909353406e-02
1.031290178981039349e-02
9.058121922285743144e-03
2.700872335300466553e-02
6.662392038692111634e-03
2.075792685974180499e-02
3.227656136052530649e-04
2.935721219414875668e-03
5.799158834812975262e-04
5.794950211997527490e-04
1.771333545532100548e-03
1.772498075537550779e-03
5.849683658527887655e-04
1.762717951208678897e-04
2.211528538065292340e-04
1.295125707779996421e-05
4.906406499837068908e-05
2.526270916076213288e-05
6.006650647424596263e-05
7.707796207416425230e-05
1.162101081103745484e-04
8.041549083481517176e-08
2.508900941689495776e-07
3.351813151298340029e-06
8.858505202869565927e-07
1.350402199388870237e-07
3.334700355294416516e-07
5.438471250651218413e-07
3.449814101549701724e-06
1.003815167291215317e-06
7.097080715150380344e-06
7.294591005235035430e-06
1.333742159844013249e-06
2.073615449879650456e-06
1.143716925151108857e-05
8.315102924613658890e-07
2.930620795006313119e-05
2.275727005622870441e-06
1.457317704897876207e-05
1.825111071191998032e-05
3.955567867474081258e-06
5.086778823511634255e-06
5.849683658527908255e-04
1.762717951208563429e-04
2.211528538065401302e-04
1.295125707779973551e-05
4.906406499839569349e-05
2.526270916075986622e-05
6.006650647424093464e-05
7.707796207416162310e-05
1.162101081103668912e-04
8.041549083143202953e-08
2.508900941640298514e-07
3.351813151298540776e-06
8.858505202759486584e-07
1.350402199464309373e-07
3.334700355370733655e-07
5.438471250677100564e-07
3.449814101546612171e-06
1.003815167310419671e-06
7.097080715127405422e-06
7.294591005233008480e-06
1.333742159840136167e-06
2.073615449870363587e-06
1.143716925151762427e-05
8.315102924667766296e-07
2.930620795007428831e-05
2.275727005620216686e-06
1.457317704896464881e-05
1.825111071192750536e-05
3.955567867464226030e-06
5.086778823509453145e-06
1.650053405982085488e-13
1.155900778698954694e-13
9.903413599395922442e-13
2.060393831029651190e-14
9.243333938751557998e-13
2.141606536915079425e-13
3.377036582982582060e-11
8.370449449068843459e-13
5.919971603939009421e-12
8.174987842591623068e-13
4.080710111446302296e-16
1.622323540370040190e-14
2.227804517771177254e-15
1.577937108313337727e-14
1.368421005700627961e-08
1.038828184248801614e-09
2.404958810898986144e-08
7.244955433256784440e-12
8.034749618771127044e-11
8.481990603537691766e-08
2.098188918335045400e-09
4.438567010061744758e-08
7.064726177233441302e-09
2.366000826037642650e-08
1.415614182408465232e-09
5.113471936855098273e-09
3.620202269259655598e-08
7.185134793424375425e-12
8.901835235333033940e-11
3.255976638584050186e-12
1.978826035622370691e-10
2.546090388605820500e-10
1.027280444664417179e-09
3.425670474568255578e-11
1.138782602391674529e-09
1.032747521813332670e-07
2.556636447409072293e-09
5.950527471579988657e-08
9.515954049125802496e-09
1.093610796184520049e-12
5.486204660912707587e-11
1.715140316474708946e-12
5.935674302742793535e-12
1.294867653548302684e-11
4.044889081166681323e-11
1.117097934586134505e-16
-4.463102574388548998e-17
2.605157962254738299e-16
2.497260057926030021e-13
1.891094228243435688e-15
9.160344530257528731e-14
1.279388435654171736e-16
2.355292431095039531e-16
-6.644056335940779738e-17
3.035059706008197479e-16
-1.041319686575074576e-16
2.233144332980723241e-14
6.674707851189647938e-16
4.024162345755501900e-14
2.123911542906709025e-15
8.183484165379894355e-15
4.094245330957692789e-16
1.455282212225277434e-06
5.286701258265238166e-08
7.061595311301916749e-07
7.274672977309583882e-07
2.176121745050628400e-11
1.300372014267641282e-09
6.155409526102671874e-11
6.103167637973976817e-11
1.705771329774420953e-07
2.306985772649632887e-08
3.436622269894295318e-07
2.891817108821157237e-08
1.332821353163497083e-07
1.941277694306477884e-07
2.368304496992839030e-08
3.688293153898413069e-07
3.262771249761046918e-08
1.367376940357844603e-07
6.058723091424622205e-10
3.395456193951192353e-09
1.890030990135882047e-10
4.371743026698242096e-09
4.829030277867248409e-10
9.802638134223698480e-09
6.644277286423988877e-10
3.389602302276657749e-09
1.943757972891552024e-10
4.852763426260729915e-09
4.818390655254542155e-10
1.030820824518320629e-08
1.650083437513529773e-13
1.155977403167468993e-13
9.903447293914823841e-13
2.059815423861004885e-14
9.243278699893218805e-13
2.141532826320999591e-13
3.377037006908022183e-11
8.370511429572247358e-13
5.919983342279261658e-12
8.175057156677524420e-13
3.949995721459667073e-16
1.622146436112419376e-14
2.236866017193976722e-15
1.576416603929657101e-14
1.368421006221356520e-08
1.038828175177932606e-09
2.404958811575641723e-08
3.556981569919209702e-09
7.244950961492335174e-12
8.034752273739332691e-11
8.481990603395449788e-08
2.098188920276841962e-09
4.438567009614130197e-08
7.064726184508385602e-09
2.236593806969930702e-10
2.236593760824681314e-10
8.915060679466234158e-10
8.915060578858151531e-10
2.366000826026179250e-08
1.415614165737005186e-09
5.113471949138423485e-09
3.620202270338254779e-08
7.185142805889359372e-12
8.901833411046508638e-11
3.255989661747350007e-12
1.978826214126787534e-10
2.546090479682499969e-10
1.027280447963015972e-09
3.425668967056582979e-11
1.138782599433974030e-09
1.032747521697350434e-07
2.556636455579827967e-09
5.950527474594031654e-08
9.515954053213601697e-09
1.093618042173064194e-12
5.486208609367737785e-11
1.715146865114226196e-12
5.935662201450694890e-12
1.294867121169864888e-11
4.044890415946225697e-11
1.089842032059071329e-16
-2.126391749435092670e-17
2.599890086558661071e-16
2.078901478942678337e-16
2.497187035206092544e-13
1.888248481058810037e-15
9.160355509103139891e-14
1.199669625811625553e-16
2.378440483058799840e-16
-1.012767884504607651e-16
3.084415464993733845e-16
-9.522030058283641233e-17
2.376308025946066401e-16
2.241607790335875434e-16
-1.240931280764457490e-16
-1.359177835927664655e-16
2.233055751144496616e-14
6.966033327128888183e-16
4.024288737053910431e-14
2.116970210517148934e-15
8.207866979710462356e-15
4.283908030999390711e-16
1.455282212237701925e-06
5.286701257140465762e-08
7.061595311443785238e-07
7.274672977319155355e-07
2.176121092748014401e-11
1.300371988474296484e-09
6.155410352344683878e-11
6.103167640348087280e-11
1.705771329676250893e-07
2.306985773711442288e-08
3.436622269910257654e-07
2.891817109815182164e-08
1.332821353008808220e-07
1.941277694510865081e-07
2.368304496673598599e-08
3.688293153991976329e-07
3.262771248379512358e-08
1.367376940410221415e-07
6.058723054794323612e-10
3.395456197909333475e-09
1.890031062568295924e-10
4.371743023438307585e-09
4.829030143671239549e-10
9.802638144185244345e-09
6.644277418379557335e-10
3.389602304020912414e-09
1.943757922845779245e-10
4.852763411592404769e-09
4.818390699898661649e-10
1.030820822728687581e-08
9.884354080881507715e-13
3.235318576680155666e-13
3.497745962717893638e-12
9.846159541164017988e-14
9.884490159206732775e-13
3.235344938173644852e-13
3.497743163873895910e-12
9.846968288412998598e-14
5.236698568531205511e-11
1.608667467125767055e-12
1.336766136595231744e-11
4.356343497165903603e-11
2.094925676785875438e-12
7.035559201843776814e-16
3.551139870221896690e-14
8.868608228981590709e-15
4.906325049785672306e-16
5.034684618765292694e-14
5.236698085474162825e-11
1.608675946453891105e-12
1.336764096186981714e-11
4.356344745034956204e-11
2.094910389351991383e-12
8.262069402568321294e-12
7.043410323293934801e-16
3.550927871575593667e-14
8.854910327386320107e-15
5.070843701681052237e-16
5.033775269975060070e-14
3.714984593001365905e-15
1.757466886169359093e-03
4.711371988250417052e-03
3.966908820623501336e-03
1.027677066930136624e-03
2.327098481383286718e-02
1.116375050169710233e-02
1.640330897061529486e-02
9.848855455113660409e-03
8.393136189872451788e-03
6.360946307744167090e-03
3.272592829185639479e-04
2.902547619961518433e-03
5.849542386546422151e-04
1.757505368606649462e-03
1.296834118984568907e-01
9.964962473222457873e-02
4.266385969671480233e-02
6.908314625122408126e-02
1.158776206351577048e-01
9.240147605388156216e-02
8.038277374402687248e-02
4.217056735453576788e-02
6.631454140067886971e-02
3.096132331920592104e-02
3.057795117278793579e-02
6.022997995672342564e-02
5.139066857873979266e-02
2.473985269091666037e-02
7.050569084899858951e-02
1.510133828022632713e-02
4.962650909417373746e-02
2.193372480360985047e-02
1.953349102094132858e-02
3.987644370095130841e-02
3.586418742935412740e-02
2.703023809064955896e-05
3.377104953477119221e-04
5.082062996849978794e-05
1.580059131378456008e-02
2.828239038147613727e-03
1.092621197846223302e-02
1.761383526481921961e-04
5.846794869409587501e-04
9.534520521883049792e-05
5.846638242989848867e-04
1.820442128259961866e-04
4.714029270525168895e-03
1.758254112336375989e-03
7.286478268845529051e-03
1.758296814026092097e-03
4.599395297923227800e-03
1.027677066930137275e-03
1.757466886169344131e-03
4.711371988250421389e-03
3.966908820623523887e-03
1.027677066930129035e-03
2.327098481383283596e-02
1.116375050169711447e-02
1.640330897061528098e-02
9.848855455113670818e-03
8.393136189872436176e-03
6.360946307744193111e-03
3.272592829185530516e-04
2.902547619961499351e-03
5.849542386546590202e-04
1.757505368606635584e-03
1.296834118984568907e-01
9.964962473222464812e-02
4.266385969671480927e-02
6.908314625122412289e-02
1.158776206351577881e-01
9.240147605388152052e-02
8.038277374402684472e-02
4.217056735453578176e-02
6.631454140067884195e-02
3.096132331920591410e-02
3.057795117278796701e-02
6.022997995672343258e-02
5.139066857873976490e-02
2.473985269091666384e-02
7.050569084899853400e-02
1.510133828022633060e-02
4.962650909417374440e-02
2.193372480360984353e-02
1.953349102094129736e-02
3.987644370095129454e-02
3.586418742935415516e-02
2.703023809065014171e-05
3.377104953477268840e-04
5.082062996850667940e-05
1.580059131378454620e-02
2.828239038147601584e-03
1.092621197846223823e-02
1.761383526481768275e-04
5.846794869409650385e-04
9.534520521884243770e-05
5.846638242989858625e-04
1.820442128259897898e-04
4.714029270525152415e-03
1.758254112336370134e-03
7.286478268845530785e-03
1.758296814026104023e-03
4.599395297923230402e-03
1.027677066930151152e-03
1.981084179846135176e-02
6.918915175743643904e-03
8.556752546505606849e-02
-5.190416297676656715e-02
8.307021180164249341e-02
2.934704515200002584e-02
1.913970189809795774e-01
7.946699256085293372e-02
1.461750960979488478e-01
7.860651331918445950e-02
-1.541513768929181349e-01
-5.939644148291783193e-02
-1.119219269895915941e-01
-6.025493451484523200e-02
1.745073725816705945e-01
2.152470166097183168e-01
1.610339013585242729e-01
1.522853304055013790e-01
2.063838059454854712e-01
1.282621915071393004e-01
2.084242679325823966e-01
1.453963259999915270e-01
1.886802485952550068e-01
1.614384316719772727e-01
2.127010495741931406e-01
1.948129269052387424e-01
1.506837827025160892e-01
1.520385304438856000e-01
2.077744092586462921e-01
1.270529087164239401e-01
2.156969962275725461e-01
2.171012873743752569e-01
2.153250920489470921e-01
1.916892000305356891e-01
2.145683903021574357e-01
1.230130138889253544e-01
2.058571671377474877e-01
1.376852296216639071e-01
1.825450207835682681e-01
8.914739923382947184e-02
2.004843419974912666e-01
1.051522457382051551e-01
1.462563416856042797e-01
1.686979838138724375e-01
1.949774994826603269e-01
-1.949278154581061406e-01
-1.851442728214637290e-01
-1.946545647754629460e-01
3.499058406864366533e-02
-1.156834761620323809e-01
-1.405572904955956206e-03
-1.799722853862364969e-01
-1.741521018801172604e-01
-1.912335706336263375e-01
-1.565767974263337359e-01
-1.900993773466780334e-01
-4.933932101901145062e-02
-1.377569550113275365e-01
-2.995913676631334344e-02
-1.133921262999074697e-01
-7.942742283415250848e-02
-1.514498417920617790e-01
5.842306739305246077e-02
1.408089355756612093e-01
7.423943670890591207e-02
7.355365347758743844e-02
1.817296208207024866e-01
2.134728123182625115e-01
2.023823580570697500e-01
2.022452684304886505e-01
1.097022720368557858e-01
1.620626068863917357e-01
9.164454521150430799e-02
1.564179911484049057e-01
1.162253924249523340e-01
1.063088212142678235e-01
1.614143473069189760e-01
8.987583424570824708e-02
1.533508563930592039e-01
1.155462219909142857e-01
2.178780166105049876e-01
2.017065515377597096e-01
2.153840963556035715e-01
1.975722496305821474e-01
2.182785976578224263e-01
1.819101350165248654e-01
2.175942243369111129e-01
2.017333935557893976e-01
2.155772196589029466e-01
1.957504343111571843e-01
2.182804063373734449e-01
1.808252261308969655e-01
1.981084179846144891e-02
6.918915175743649976e-03
8.556752546505605461e-02
-5.190416297676656021e-02
8.307021180164267382e-02
2.934704515199984889e-02
1.913970189809794664e-01
7.946699256085291985e-02
1.461750960979484593e-01
7.860651331918447338e-02
-1.541513768929180794e-01
-5.939644148291787357e-02
-1.119219269895916219e-01
-6.025493451484531526e-02
1.745073725816704280e-01
2.152470166097186222e-01
1.610339013585240509e-01
2.009764179996160749e-01
1.522853304055014068e-01
2.063838059454854434e-01
1.282621915071393282e-01
2.084242679325824521e-01
1.453963259999914992e-01
1.886802485952548958e-01
2.164455470808734627e-01
2.164455470808737680e-01
2.162297817585347171e-01
2.162297817585349391e-01
1.614384316719772450e-01
2.127010495741929741e-01
1.948129269052386869e-01
1.506837827025160059e-01
1.520385304438859608e-01
2.077744092586463198e-01
1.270529087164241899e-01
2.156969962275729902e-01
2.171012873743750071e-01
2.153250920489473141e-01
1.916892000305356059e-01
2.145683903021574634e-01
1.230130138889254099e-01
2.058571671377472934e-01
1.376852296216639349e-01
1.825450207835684069e-01
8.914739923382952735e-02
2.004843419974914331e-01
1.051522457382052522e-01
1.462563416856044185e-01
1.686979838138729371e-01
1.949774994826604102e-01
-1.949278154581061684e-01
-1.851442728214637568e-01
-1.946545647754630015e-01
-1.945565371952901745e-01
3.499058406864370696e-02
-1.156834761620323809e-01
-1.405572904955949918e-03
-1.799722853862365524e-01
-1.741521018801172604e-01
-1.912335706336263930e-01
-1.565767974263337636e-01
-1.900993773466780057e-01
-1.735383655389127755e-01
-1.735383655389127755e-01
-1.897571878455530658e-01
-1.897571878455531214e-01
-4.933932101901133266e-02
-1.377569550113277030e-01
-2.995913676631332262e-02
-1.133921262999074420e-01
-7.942742283415253624e-02
-1.514498417920618345e-01
5.842306739305246771e-02
1.408089355756611261e-01
7.423943670890593982e-02
7.355365347758745231e-02
1.817296208207025421e-01
2.134728123182624837e-01
2.023823580570697223e-01
2.022452684304886228e-01
1.097022720368557719e-01
1.620626068863916525e-01
9.164454521150430799e-02
1.564179911484049890e-01
1.162253924249523063e-01
1.063088212142678651e-01
1.614143473069189483e-01
8.987583424570830259e-02
1.533508563930592039e-01
1.155462219909143134e-01
2.178780166105050153e-01
2.017065515377596818e-01
2.153840963556035715e-01
1.975722496305820919e-01
2.182785976578223985e-01
1.819101350165248376e-01
2.175942243369107798e-01
2.017333935557893143e-01
2.155772196589028356e-01
1.957504343111571010e-01
2.182804063373731673e-01
1.808252261308968822e-01
8.549780159578675154e-02
4.452861132080582901e-02
1.294177568210213847e-01
1.171571089067879098e-03
8.549780159578679317e-02
4.452861132080605799e-02
1.294177568210213847e-01
1.171571089067844403e-03
1.996881849804982012e-01
1.028994784059211048e-01
1.695442951003350573e-01
1.963810558259025119e-01
1.121153129134416365e-01
-1.361747862412205357e-01
-3.415440070661011213e-02
-7.734496800989554277e-02
-1.470072021426799547e-01
-2.233711055893302863e-02
1.996881849804980069e-01
1.028994784059211048e-01
1.695442951003347798e-01
1.963810558259023731e-01
1.121153129134416504e-01
1.561535646145671419e-01
-1.361747862412204246e-01
-3.415440070661011907e-02
-7.734496800989552889e-02
-1.470072021426800102e-01
-2.233711055893301822e-02
-1.004617154082327185e-01
2.204500890976501377e-07
3.615993486442692520e-06
3.568889530635159057e-07
3.568889530646509828e-07
3.875417884307241182e-04
4.367216731023299448e-05
1.058542684663585883e-06
5.657178547871687556e-06
6.061785358436822688e-07
1.485661792116185728e-06
1.058542684654100808e-06
5.657178547865985331e-06
6.061785358373773791e-07
1.485661792120135443e-06
1.029946343192593428e-01
4.137275899097838522e-02
9.069797545155855456e-02
9.069797545155847129e-02
2.520640332958735876e-03
1.197746753946231195e-02
6.515558532147273929e-02
3.424893626517314105e-02
7.780523114989142119e-02
5.799926570868239178e-02
6.515558532147278092e-02
3.424893626517316880e-02
7.780523114989142119e-02
5.799926570868241954e-02
1.271393819173319647e-05
4.752650092557823087e-05
6.766462459835155655e-06
4.999976745414012142e-05
5.799366729418809017e-04
1.719571804667384841e-04
2.083022001513917430e-04
1.967623910873878950e-06
2.751153029290501757e-05
3.609656818253825059e-06
4.294905857612174979e-06
1.371855337467745429e-05
5.795180984549436372e-04
1.717669387109228038e-04
1.801328006857986716e-04
9.319724622435398458e-05
2.105908181814661759e-05
5.580431080188322246e-05
6.852095108597527667e-05
9.529428648091449415e-06
1.087046445457372120e-04
1.623451213824197184e-05
1.271393819174678966e-05
4.752650092558287261e-05
6.766462459846772711e-06
4.999976745412284195e-05
5.799366729418687586e-04
1.719571804667369933e-04
2.083022001513985734e-04
1.967623910873693450e-06
2.751153029289847847e-05
3.609656818259901673e-06
4.294905857618742873e-06
1.371855337466474880e-05
5.795180984549453719e-04
1.717669387109358413e-04
1.801328006858091070e-04
9.319724622436841802e-05
2.105908181814134227e-05
5.580431080187732033e-05
6.852095108598206649e-05
9.529428648094112486e-06
1.087046445457424840e-04
1.623451213824133148e-05
2.348558108900854549e-02
1.138206998441065008e-02
3.163507551959911929e-02
1.103570221580288044e-02
1.771276058903250130e-03
4.798939591482100607e-03
4.153652336065332545e-03
1.027677066930156140e-03
5.240129573155351966e-02
1.564597191075159377e-02
4.140233549083679326e-02
3.853415704429928590e-02
2.261180179564778459e-02
1.772434182522976366e-03
4.802880676965822632e-03
4.635842731896740523e-03
1.027677066930141178e-03
7.399358825473848975e-03
1.810746449909355835e-02
1.031290178981040737e-02
9.058121922285750083e-03
2.700872335300467941e-02
6.662392038692081277e-03
2.075792685974184662e-02
3.227656136052559381e-04
2.935721219414860490e-03
5.799158834812912378e-04
5.794950211997439669e-04
1.771333545532097296e-03
1.772498075537523674e-03
2.348558108900854896e-02
1.138206998441063794e-02
3.163507551959914010e-02
1.103570221580286830e-02
1.771276058903254033e-03
4.798939591482079790e-03
4.153652336065347291e-03
1.027677066930151803e-03
5.240129573155350579e-02
1.564597191075162499e-02
4.140233549083677245e-02
3.853415704429924427e-02
2.261180179564780887e-02
1.772434182522966825e-03
4.802880676965807019e-03
4.635842731896746595e-03
1.027677066930126649e-03
7.399358825473822086e-03
1.810746449909354100e-02
1.031290178981042818e-02
9.058121922285737940e-03
2.700872335300467247e-02
6.662392038692080409e-03
2.075792685974185009e-02
3.227656136052463971e-04
2.935721219414853984e-03
5.799158834812953578e-04
5.794950211997179461e-04
1.771333545532100115e-03
1.772498075537549045e-03
